"CINEMATOGRAFIA - ESPECTADORES"
"MENSUAL 1984:1 2000:12 (N = 204) - POR FILAS"

 13837100  8937600  9269900 10497400 8337900 6429600  9375500  9191700 12353300  9777900  9134100 11450700
  9435899  7966280 10681175  8806186 6468370 6724201  7468720 11850333  9334953  9170822  6759958  6450523
 10439811  7026791 11771424  6017676 4757449 4003151  6131354 10162990  7349493  8028672  5534705  6113325
 11298626  7678109  6948456  7715491 5057673 4756542  7100544  9234738  6327204  8991172  5077428  5534582
 11521428  5970190  7808768  7230095 4218875 4486385  4231782  5210469  5321766  4555609  4146407  4932106
  9913116  5345289  9602365  5869840 4279168 4775934  6145364 10242058  8503891  4272022  6394995  2712844
 10108380  7273620  7628260  6679694 3924304 3387166  6099520  7572069  6921302  9021678  5789416  4105398
  9771094  6014135  8928203  6941052 3838498 4498658  6917554  7045552  7803470  7404920  5029454  4902686
  9277777  6994167  8203454  6261191 4655394 4876377  5761881  9915741  6273083  8019762  5981632  7081181
 13345376  6211981  8103349  7161457 4604493 5701641  5859560  6883263  7238615  9463285  7716502  5414492
  8886329  7115231  8282449  7319900 5235447 4030757  6962523  7960453  7880669  8428762  7659724  9337134
  9840000  7318000  7284000  8483000 5031000 4361000  7522000  8405000  9160000  9222000  8674000 10660000
 10425000  9365000 10308000  8638000 6582000 4967000  7718000  8769000 10527000  8486000  8033000 10566000
  9089000  7927000 10113000  8410000 6571000 5885000  8534000 10135000  8182000  9052000 10418000 11794000
 13263000 10313000 11445000 10960000 7460000 4608000  6893000 10118000  9051000  9436000 10307000 11327000
 12603013  8384613 12627362  9296622 7936936 6698641 10987359 13223954 12139242 13246477  9757839 14446017
 14518000 13293000 10718000 11575000 7967000 7348000 11335000 12399000 11453000 12238000 10797000 14016000
